4873.269292
5077.062312
4795.333025
5022.883341
4834.677811
4997.355002
4913.390708
4853.537535
5112.367168
5169.534794
4975.715229
5014.190708
5190.329093
12.34572889
5144.451899
5083.643711
5181.475691
5044.351599
4938.963419
5202.658419
10100.64527
4972.814484
5085.669839
5155.000968
5149.874705
5040.815239
5155.11549
4946.428554
4958.999043
21.09865378
5013.672147
4886.828187
4959.920292
5203.240125
4954.83275
5039.403079
4843.450242
5207.337295
4871.514144
4803.631002
5142.849476
4811.045651
5142.634785